40
50
58
58
58
61
71
77
77
85
77
85
98
98
98
115
124
106
115
124
115
119
127
136
145
154
136
146
154
139
145
150
139
145
150
153
150
150
147
154
151
154
157
164
171
174
178
178
182
189
196
196
217
203
221
227
233
233
239
245
251
251
251
251
251
251
251
251
251
251
251
251
251
251
251
251
251
251
251
251
251
251
255
257
259
262
266
270
274
278
282
285
288
292
296
303
307
310
310
310
310
310
310
310
310
310
310
310
323
325
330
335
335
335
335
335
335
335
335
335
335
341
341
341
341
341
341
346
346
346
346
346
